Categorial Features:

gender_code
F 86762
M 139142

car_flg
0 115052
1 110895

realty_flg
0 171870
1 54077

cc_flg
0 57319
1 168628


Numerical Features:

monthly_income_amt
[0.0; 335.36) 214884
[335.36; 670.72) 263
[670.72; 1006.08) 60
[1006.08; 1341.44) 8
[1341.44; 1676.8) 13
[1676.8; 2012.16) 6
[2012.16; 2347.52) 7
[2347.52; 2682.88) 1
[2682.88; 3018.24) 1
[3018.24; 3353.6) 9
[3353.6; 3688.96) 1
[4359.68; 4695.04) 2
[5030.4; 5365.76) 1

car_price
[14.0; 340.76) 64283
[340.76; 667.52) 25908
[667.52; 994.28) 9462
[994.28; 1321.04) 3173
[1321.04; 1647.8) 1294
[1647.8; 1974.56) 461
[1974.56; 2301.32) 277
[2301.32; 2628.08) 182
[2628.08; 2954.84) 109
[2954.84; 3281.6) 49
[3281.6; 3608.36) 49
[3608.36; 3935.12) 13
[3935.12; 4261.88) 14
[4261.88; 4588.64) 7
[4588.64; 4915.4) 12
[4915.4; 5242.16) 8
[5242.16; 5568.92) 3
[5568.92; 5895.68) 1
[6549.2; 6875.96) 2
[7202.72; 7529.48) 3

realty_price
[0.0; 37773.72) 32645
[37773.72; 75547.44) 10
[75547.44; 113321.16) 5
[113321.16; 151094.88) 1
[151094.88; 188868.6) 2
[226642.32; 264416.04) 2
[302189.76; 339963.48) 1
[377737.2; 415510.92) 2
[453284.64; 491058.36) 1
[679926.96; 717700.68) 1


